0.918025 0.000010 0.000010 0.000010 0.000010 0.000010 0.000010 0.081915
0.999930 0.000010 0.000010 0.000010 0.000010 0.000010 0.000010 0.000010
0.723914 0.000010 0.000010 0.000010 0.000010 0.000010 0.000010 0.276026
0.962813 0.000010 0.000010 0.000010 0.000010 0.000010 0.037127 0.000010
0.999930 0.000010 0.000010 0.000010 0.000010 0.000010 0.000010 0.000010
0.000010 0.000010 0.000010 0.000010 0.000010 0.000010 0.920804 0.079136
0.000010 0.000010 0.000010 0.000010 0.000010 0.000010 0.935151 0.064789
0.084486 0.000010 0.001216 0.000010 0.000010 0.000010 0.479385 0.434874
0.000010 0.000010 0.308602 0.114837 0.000010 0.000010 0.576511 0.000010
0.000010 0.000010 0.000010 0.664542 0.000010 0.000010 0.151837 0.183571
0.122850 0.000010 0.000010 0.348868 0.181290 0.000010 0.025852 0.321110
0.000010 0.000010 0.000010 0.999930 0.000010 0.000010 0.000010 0.000010
0.000010 0.000010 0.000010 0.999930 0.000010 0.000010 0.000010 0.000010
0.280264 0.000010 0.005576 0.000010 0.000010 0.428281 0.046267 0.239582
0.456617 0.000010 0.200212 0.343121 0.000010 0.000010 0.000010 0.000010
0.000010 0.000010 0.000010 0.000010 0.000010 0.341988 0.657952 0.000010
0.853579 0.000010 0.006691 0.000010 0.000010 0.000010 0.139681 0.000010
0.000010 0.000010 0.258111 0.108477 0.000010 0.000010 0.000010 0.633362
0.000010 0.000010 0.256632 0.113856 0.000010 0.000010 0.000010 0.629462
0.000010 0.000010 0.217071 0.227637 0.000010 0.000010 0.000010 0.555242
0.000010 0.000010 0.000010 0.000010 0.000010 0.137739 0.559738 0.302473
0.575490 0.000010 0.000010 0.000010 0.000010 0.347388 0.000010 0.077072
0.000010 0.000010 0.000010 0.000010 0.000010 0.000010 0.000010 0.999930
0.000010 0.000010 0.000010 0.000010 0.000010 0.000010 0.000010 0.999930
0.000010 0.000010 0.000010 0.000010 0.000010 0.000010 0.000010 0.999930
0.000010 0.000010 0.000010 0.000010 0.000010 0.000010 0.000010 0.999930
0.000010 0.000010 0.000010 0.999930 0.000010 0.000010 0.000010 0.000010
0.000010 0.000010 0.000010 0.860045 0.000010 0.000010 0.000010 0.139895
0.000010 0.000010 0.000010 0.840572 0.000010 0.000010 0.000010 0.159368
0.000010 0.000010 0.000010 0.999930 0.000010 0.000010 0.000010 0.000010
0.000010 0.000010 0.000010 0.999930 0.000010 0.000010 0.000010 0.000010
0.000010 0.000010 0.000010 0.999930 0.000010 0.000010 0.000010 0.000010
0.000010 0.000010 0.999930 0.000010 0.000010 0.000010 0.000010 0.000010
0.000010 0.000010 0.999930 0.000010 0.000010 0.000010 0.000010 0.000010
0.197454 0.566954 0.235542 0.000010 0.000010 0.000010 0.000010 0.000010
0.000010 0.000010 0.999930 0.000010 0.000010 0.000010 0.000010 0.000010
0.000010 0.000010 0.999930 0.000010 0.000010 0.000010 0.000010 0.000010
0.908549 0.000010 0.000010 0.000010 0.000010 0.000010 0.000010 0.091391
0.306114 0.580473 0.000010 0.000010 0.000010 0.000010 0.113363 0.000010
0.000010 0.000010 0.000010 0.464356 0.000010 0.000010 0.415165 0.120429
0.000010 0.000010 0.000010 0.512724 0.000010 0.000010 0.382413 0.104813
0.999930 0.000010 0.000010 0.000010 0.000010 0.000010 0.000010 0.000010
0.000010 0.000010 0.000010 0.000010 0.000010 0.000010 0.000010 0.999930
0.000010 0.000010 0.000010 0.000010 0.000010 0.000010 0.000010 0.999930
0.000010 0.000010 0.000010 0.000010 0.000010 0.290914 0.709026 0.000010
0.251196 0.016872 0.271132 0.346842 0.000010 0.000010 0.000010 0.113928
0.302055 0.040997 0.000010 0.000010 0.000010 0.199138 0.272665 0.185115
0.000010 0.000010 0.000010 0.000010 0.000010 0.999930 0.000010 0.000010
0.826583 0.173357 0.000010 0.000010 0.000010 0.000010 0.000010 0.000010
0.564692 0.000010 0.000010 0.000010 0.000010 0.000010 0.435248 0.000010
0.000010 0.000010 0.386832 0.027647 0.000010 0.000010 0.585471 0.000010
0.514628 0.000010 0.000010 0.000010 0.000010 0.398804 0.000010 0.086519
0.604693 0.000010 0.000010 0.000010 0.271549 0.123708 0.000010 0.000010
0.000010 0.750097 0.000010 0.000010 0.000010 0.247197 0.000010 0.002656
0.930052 0.000010 0.000010 0.000010 0.000010 0.000010 0.000010 0.069888
0.464280 0.263600 0.000010 0.000010 0.000010 0.205203 0.060733 0.006154
0.000010 0.000010 0.330144 0.031199 0.000010 0.000010 0.638607 0.000010
0.041555 0.865115 0.000010 0.000010 0.093280 0.000010 0.000010 0.000010
0.576981 0.000010 0.000010 0.000010 0.000010 0.075388 0.000010 0.347580
0.000010 0.000010 0.180851 0.088292 0.000010 0.475106 0.255711 0.000010
0.537640 0.000010 0.000010 0.000010 0.000010 0.000010 0.190464 0.271846
0.348453 0.000010 0.000010 0.000010 0.000010 0.000010 0.651487 0.000010
0.000010 0.000010 0.344911 0.000019 0.000010 0.000010 0.655021 0.000010
0.999930 0.000010 0.000010 0.000010 0.000010 0.000010 0.000010 0.000010
0.000010 0.999930 0.000010 0.000010 0.000010 0.000010 0.000010 0.000010
0.604107 0.000010 0.000010 0.000010 0.000010 0.277591 0.000010 0.118252
0.515933 0.000010 0.000010 0.000010 0.000010 0.315807 0.000010 0.168211
0.421105 0.408744 0.000010 0.000010 0.000010 0.170101 0.000010 0.000010
0.104775 0.264249 0.000010 0.000010 0.000010 0.506533 0.124403 0.000010
0.028335 0.000010 0.597898 0.184719 0.000010 0.000010 0.180367 0.008651
0.408896 0.000010 0.557791 0.033263 0.000010 0.000010 0.000010 0.000010
0.000010 0.153611 0.000010 0.000010 0.000010 0.000010 0.846329 0.000010
0.000010 0.000010 0.000010 0.000010 0.000010 0.999930 0.000010 0.000010
0.000010 0.000010 0.298663 0.260415 0.000010 0.440872 0.000010 0.000010
0.954928 0.000010 0.000010 0.000010 0.000010 0.000010 0.045012 0.000010
0.999930 0.000010 0.000010 0.000010 0.000010 0.000010 0.000010 0.000010
0.410253 0.000010 0.000010 0.000010 0.000010 0.589687 0.000010 0.000010
0.999930 0.000010 0.000010 0.000010 0.000010 0.000010 0.000010 0.000010
0.514945 0.000010 0.000010 0.000010 0.000010 0.301749 0.183255 0.000010
0.182072 0.201033 0.000010 0.358783 0.000010 0.258072 0.000010 0.000010
0.999930 0.000010 0.000010 0.000010 0.000010 0.000010 0.000010 0.000010
0.270176 0.466126 0.000010 0.000010 0.000010 0.182939 0.000010 0.080720
0.000010 0.000010 0.000010 0.000010 0.636622 0.186190 0.177138 0.000010
0.999930 0.000010 0.000010 0.000010 0.000010 0.000010 0.000010 0.000010
0.501053 0.000010 0.220225 0.000010 0.000010 0.000010 0.278672 0.000010
0.261769 0.000010 0.000010 0.126110 0.000010 0.574682 0.000010 0.037400
0.425160 0.000010 0.000010 0.000010 0.000010 0.000010 0.483009 0.091781
0.505182 0.000010 0.000010 0.000010 0.000017 0.229833 0.000010 0.264927
0.603834 0.000010 0.000010 0.000010 0.396106 0.000010 0.000010 0.000010
0.820933 0.179007 0.000010 0.000010 0.000010 0.000010 0.000010 0.000010
0.781832 0.000010 0.000010 0.000010 0.025028 0.000010 0.193090 0.000010
0.000010 0.000010 0.999930 0.000010 0.000010 0.000010 0.000010 0.000010
0.000010 0.000010 0.999930 0.000010 0.000010 0.000010 0.000010 0.000010
0.913058 0.086882 0.000010 0.000010 0.000010 0.000010 0.000010 0.000010
0.000010 0.000010 0.189391 0.000010 0.000010 0.000010 0.810549 0.000010
0.442555 0.498679 0.000010 0.000010 0.000010 0.000010 0.000010 0.058716
0.000010 0.000010 0.000010 0.000010 0.000010 0.000010 0.762479 0.237461
0.867982 0.000010 0.000010 0.000010 0.000010 0.000010 0.131958 0.000010
0.861734 0.000010 0.000010 0.000010 0.000010 0.000010 0.000010 0.138206
0.947031 0.000010 0.000010 0.000010 0.000010 0.000010 0.000010 0.052909
0.000010 0.000010 0.044498 0.000010 0.000010 0.685292 0.270160 0.000010
0.000010 0.889409 0.000010 0.000010 0.000010 0.000010 0.000010 0.110531
0.000010 0.000010 0.000010 0.000010 0.000010 0.000010 0.000010 0.999930
0.915930 0.000010 0.000010 0.047414 0.000010 0.000010 0.000010 0.036606
0.000010 0.000010 0.000010 0.000010 0.093369 0.906571 0.000010 0.000010
0.000010 0.405653 0.039940 0.000010 0.000010 0.000010 0.554357 0.000010
0.000010 0.000010 0.000010 0.999930 0.000010 0.000010 0.000010 0.000010
0.000010 0.000010 0.999930 0.000010 0.000010 0.000010 0.000010 0.000010
0.208457 0.516207 0.000010 0.000010 0.000010 0.000010 0.275286 0.000010
0.000010 0.821653 0.000010 0.000010 0.000010 0.000010 0.163191 0.015106
0.365626 0.036825 0.000010 0.000010 0.000010 0.000010 0.597499 0.000010
0.000010 0.000010 0.999930 0.000010 0.000010 0.000010 0.000010 0.000010
0.999930 0.000010 0.000010 0.000010 0.000010 0.000010 0.000010 0.000010
0.000010 0.999930 0.000010 0.000010 0.000010 0.000010 0.000010 0.000010
0.000010 0.468452 0.000010 0.000010 0.000010 0.531488 0.000010 0.000010
0.000010 0.999930 0.000010 0.000010 0.000010 0.000010 0.000010 0.000010
0.424167 0.575773 0.000010 0.000010 0.000010 0.000010 0.000010 0.000010
0.026439 0.775134 0.000010 0.198376 0.000010 0.000010 0.000010 0.000010
0.000010 0.999930 0.000010 0.000010 0.000010 0.000010 0.000010 0.000010
0.000010 0.867213 0.000010 0.132727 0.000010 0.000010 0.000010 0.000010
0.490276 0.201249 0.000010 0.000010 0.000010 0.000010 0.308425 0.000010
0.000010 0.334559 0.000010 0.000010 0.000010 0.578271 0.000010 0.087120
0.380357 0.619583 0.000010 0.000010 0.000010 0.000010 0.000010 0.000010
0.000010 0.999930 0.000010 0.000010 0.000010 0.000010 0.000010 0.000010
0.000010 0.999930 0.000010 0.000010 0.000010 0.000010 0.000010 0.000010
0.000010 0.999930 0.000010 0.000010 0.000010 0.000010 0.000010 0.000010
0.927202 0.000010 0.000010 0.000010 0.000010 0.000010 0.072738 0.000010
0.000010 0.000013 0.000010 0.000010 0.999927 0.000010 0.000010 0.000010
0.000010 0.000010 0.000010 0.000010 0.999930 0.000010 0.000010 0.000010
0.000010 0.000010 0.037534 0.000010 0.721241 0.241175 0.000010 0.000010
0.000010 0.000010 0.000010 0.000010 0.593462 0.406478 0.000010 0.000010
0.000010 0.000010 0.000010 0.000010 0.999930 0.000010 0.000010 0.000010
0.000010 0.000010 0.000010 0.000010 0.712363 0.287577 0.000010 0.000010
0.000010 0.000010 0.000010 0.000010 0.999930 0.000010 0.000010 0.000010
0.000010 0.000010 0.000010 0.000010 0.999930 0.000010 0.000010 0.000010
0.000010 0.000010 0.000010 0.000010 0.999930 0.000010 0.000010 0.000010
0.000010 0.120990 0.000010 0.000010 0.878950 0.000010 0.000010 0.000010
0.417464 0.000010 0.000010 0.000010 0.492016 0.000010 0.000010 0.090470
0.127312 0.000010 0.000010 0.000010 0.436827 0.218880 0.216942 0.000010
0.000010 0.000010 0.095283 0.488615 0.160581 0.255481 0.000010 0.000010
0.000010 0.000010 0.000010 0.000010 0.000010 0.999930 0.000010 0.000010
0.000010 0.000010 0.000010 0.000010 0.000010 0.999930 0.000010 0.000010
0.000010 0.000010 0.000010 0.000010 0.000010 0.999930 0.000010 0.000010
0.000010 0.000010 0.000010 0.000010 0.000010 0.999930 0.000010 0.000010
0.000010 0.000010 0.000010 0.000010 0.000010 0.999930 0.000010 0.000010
0.000010 0.000010 0.000010 0.000010 0.624123 0.082501 0.293326 0.000010
0.268080 0.000010 0.000010 0.000010 0.000010 0.237256 0.000010 0.494614
0.596776 0.000010 0.000010 0.000010 0.403164 0.000010 0.000010 0.000010
0.540148 0.000010 0.000010 0.000010 0.000010 0.459792 0.000010 0.000010
0.999930 0.000010 0.000010 0.000010 0.000010 0.000010 0.000010 0.000010
0.477083 0.000010 0.522857 0.000010 0.000010 0.000010 0.000010 0.000010
0.203512 0.289746 0.000010 0.000010 0.000010 0.000010 0.506692 0.000010
0.359574 0.000010 0.000010 0.000010 0.304259 0.000010 0.265158 0.070969
0.345183 0.000010 0.000010 0.000010 0.000010 0.455965 0.169270 0.029542
0.000010 0.919985 0.000010 0.000010 0.000010 0.000010 0.000010 0.079955
0.296249 0.703691 0.000010 0.000010 0.000010 0.000010 0.000010 0.000010
0.498807 0.000010 0.000010 0.000010 0.312804 0.188339 0.000010 0.000010
0.999930 0.000010 0.000010 0.000010 0.000010 0.000010 0.000010 0.000010
0.138112 0.614266 0.000010 0.000010 0.000010 0.000010 0.000010 0.247571
0.000010 0.999930 0.000010 0.000010 0.000010 0.000010 0.000010 0.000010
0.648706 0.351234 0.000010 0.000010 0.000010 0.000010 0.000010 0.000010
0.000010 0.787739 0.000010 0.000010 0.000010 0.000010 0.212201 0.000010
0.000010 0.999930 0.000010 0.000010 0.000010 0.000010 0.000010 0.000010
0.000010 0.905126 0.000010 0.000010 0.000010 0.000010 0.094814 0.000010
0.152173 0.000010 0.000010 0.000010 0.155366 0.692412 0.000010 0.000010
0.773435 0.000010 0.000010 0.000010 0.226505 0.000010 0.000010 0.000010
0.704691 0.000010 0.000010 0.000010 0.295249 0.000010 0.000010 0.000010
0.583523 0.000010 0.000010 0.000010 0.416417 0.000010 0.000010 0.000010
0.000010 0.000010 0.322747 0.000010 0.677193 0.000010 0.000010 0.000010
0.626771 0.000010 0.000010 0.000010 0.373169 0.000010 0.000010 0.000010
0.210310 0.000010 0.122952 0.142857 0.377936 0.145915 0.000010 0.000010
0.000010 0.000010 0.392081 0.026178 0.268600 0.313100 0.000010 0.000010
0.204810 0.795130 0.000010 0.000010 0.000010 0.000010 0.000010 0.000010
0.750615 0.249325 0.000010 0.000010 0.000010 0.000010 0.000010 0.000010
0.406374 0.593566 0.000010 0.000010 0.000010 0.000010 0.000010 0.000010
0.000010 0.999930 0.000010 0.000010 0.000010 0.000010 0.000010 0.000010
0.999930 0.000010 0.000010 0.000010 0.000010 0.000010 0.000010 0.000010
0.845770 0.000010 0.000010 0.000010 0.000010 0.000010 0.154170 0.000010
0.598021 0.000010 0.000010 0.000010 0.013931 0.000010 0.387997 0.000010
0.000010 0.436717 0.000010 0.000010 0.000010 0.000010 0.563223 0.000010
