0.999947 0.000013 0.000010 0.000010 0.000010 0.000010
0.999950 0.000010 0.000010 0.000010 0.000010 0.000010
0.755873 0.000010 0.244087 0.000010 0.000010 0.000010
0.999950 0.000010 0.000010 0.000010 0.000010 0.000010
0.999950 0.000010 0.000010 0.000010 0.000010 0.000010
0.000010 0.853563 0.146397 0.000010 0.000010 0.000010
0.000010 0.806266 0.144726 0.000010 0.000010 0.048978
0.000010 0.582467 0.417493 0.000010 0.000010 0.000010
0.000010 0.344047 0.000010 0.655913 0.000010 0.000010
0.000010 0.000010 0.408892 0.591068 0.000010 0.000010
0.000010 0.000010 0.444274 0.208545 0.103954 0.243207
0.000010 0.000010 0.000010 0.999950 0.000010 0.000010
0.000010 0.000010 0.000010 0.999950 0.000010 0.000010
0.300179 0.000010 0.428499 0.000010 0.251398 0.019903
0.000010 0.000010 0.000010 0.618127 0.381833 0.000010
0.205725 0.738499 0.055746 0.000010 0.000010 0.000010
0.096372 0.152818 0.000010 0.000010 0.750780 0.000010
0.000010 0.000010 0.620920 0.379040 0.000010 0.000010
0.000010 0.000010 0.613442 0.386518 0.000010 0.000010
0.000010 0.000010 0.576555 0.423405 0.000010 0.000010
0.204654 0.506161 0.289155 0.000010 0.000010 0.000010
0.673521 0.000010 0.114181 0.000010 0.175976 0.036302
0.000010 0.000010 0.999950 0.000010 0.000010 0.000010
0.000010 0.000010 0.999950 0.000010 0.000010 0.000010
0.000010 0.000010 0.999950 0.000010 0.000010 0.000010
0.000010 0.000010 0.999950 0.000010 0.000010 0.000010
0.000010 0.000010 0.197475 0.802485 0.000010 0.000010
0.000010 0.000010 0.299242 0.700718 0.000010 0.000010
0.000010 0.000010 0.439046 0.462005 0.000010 0.098920
0.000010 0.000010 0.271816 0.728144 0.000010 0.000010
0.000010 0.000010 0.193081 0.684903 0.000010 0.121986
0.000010 0.000010 0.306688 0.693272 0.000010 0.000010
0.000010 0.000010 0.000010 0.999950 0.000010 0.000010
0.000010 0.000010 0.000010 0.999950 0.000010 0.000010
0.258793 0.375980 0.000010 0.000010 0.365198 0.000010
0.000010 0.000010 0.000010 0.999950 0.000010 0.000010
0.000010 0.000010 0.000010 0.999950 0.000010 0.000010
0.745125 0.000010 0.132012 0.000010 0.122833 0.000010
0.271639 0.333753 0.000010 0.000010 0.394579 0.000010
0.000010 0.223766 0.343961 0.432243 0.000010 0.000010
0.000010 0.166903 0.330945 0.502122 0.000010 0.000010
0.000010 0.000010 0.000010 0.000010 0.999950 0.000010
0.000010 0.000010 0.999950 0.000010 0.000010 0.000010
0.000010 0.000010 0.999950 0.000010 0.000010 0.000010
0.069686 0.637688 0.000010 0.000010 0.000010 0.292596
0.152470 0.000010 0.198417 0.649083 0.000010 0.000010
0.678041 0.176727 0.145202 0.000010 0.000010 0.000010
0.694785 0.000010 0.095619 0.000010 0.000010 0.209566
0.451539 0.000010 0.000010 0.000010 0.548421 0.000010
0.242332 0.397377 0.000010 0.000010 0.360260 0.000010
0.117911 0.000010 0.000010 0.882049 0.000010 0.000010
0.194241 0.000010 0.092361 0.000010 0.636566 0.076812
0.000010 0.000010 0.000010 0.000010 0.804420 0.195540
0.174295 0.187166 0.083968 0.000010 0.479718 0.074844
0.445751 0.000010 0.021222 0.000010 0.532996 0.000010
0.580184 0.377238 0.000010 0.000010 0.000010 0.042548
0.000010 0.000010 0.000010 0.999950 0.000010 0.000010
0.088979 0.106305 0.000010 0.000010 0.617165 0.187530
0.650447 0.000010 0.349513 0.000010 0.000010 0.000010
0.166208 0.000010 0.000010 0.619468 0.077376 0.136929
0.645017 0.164011 0.190942 0.000010 0.000010 0.000010
0.667308 0.332652 0.000010 0.000010 0.000010 0.000010
0.000010 0.000010 0.000010 0.999950 0.000010 0.000010
0.679551 0.000010 0.000010 0.000010 0.320409 0.000010
0.083066 0.516548 0.083591 0.000010 0.316776 0.000010
0.436212 0.000010 0.356455 0.000010 0.146331 0.060982
0.510735 0.000010 0.247969 0.000010 0.241265 0.000010
0.809668 0.190292 0.000010 0.000010 0.000010 0.000010
0.000010 0.015854 0.000010 0.000010 0.677149 0.306966
0.040259 0.074841 0.028995 0.855885 0.000010 0.000010
0.290175 0.000010 0.000010 0.709785 0.000010 0.000010
0.000010 0.999950 0.000010 0.000010 0.000010 0.000010
0.659470 0.000010 0.105533 0.000010 0.000010 0.234967
0.000010 0.499610 0.000010 0.500350 0.000010 0.000010
0.450321 0.000010 0.000010 0.000010 0.549639 0.000010
0.696960 0.000010 0.000010 0.000010 0.303000 0.000010
0.101955 0.000010 0.000010 0.000010 0.771559 0.126457
0.999950 0.000010 0.000010 0.000010 0.000010 0.000010
0.000010 0.303576 0.000010 0.000010 0.696384 0.000010
0.000010 0.000010 0.127894 0.229896 0.521598 0.120592
0.999950 0.000010 0.000010 0.000010 0.000010 0.000010
0.587547 0.078086 0.131449 0.000010 0.202897 0.000010
0.000010 0.000010 0.000010 0.000010 0.000756 0.999204
0.151114 0.000010 0.000010 0.000010 0.848846 0.000010
0.762611 0.237349 0.000010 0.000010 0.000010 0.000010
0.000010 0.000010 0.015964 0.000010 0.739101 0.244905
0.545701 0.454259 0.000010 0.000010 0.000010 0.000010
0.000010 0.000010 0.249629 0.000010 0.750331 0.000010
0.744851 0.000010 0.000010 0.000010 0.000010 0.255109
0.000010 0.000010 0.000010 0.000010 0.999950 0.000010
0.791488 0.097543 0.012817 0.000010 0.000010 0.098132
0.000010 0.000010 0.000010 0.840284 0.159676 0.000010
0.000010 0.000010 0.000010 0.999950 0.000010 0.000010
0.502304 0.000010 0.000010 0.000010 0.497656 0.000010
0.100702 0.000010 0.000010 0.899258 0.000010 0.000010
0.407375 0.000010 0.036819 0.000010 0.553689 0.002097
0.000010 0.689516 0.310444 0.000010 0.000010 0.000010
0.263065 0.000010 0.118090 0.000010 0.618814 0.000010
0.175760 0.000010 0.157656 0.000010 0.666554 0.000010
0.333871 0.000010 0.013743 0.000010 0.652356 0.000010
0.034999 0.691784 0.000010 0.000010 0.000010 0.273187
0.223267 0.672833 0.103870 0.000010 0.000010 0.000010
0.000010 0.000010 0.999950 0.000010 0.000010 0.000010
0.758723 0.000010 0.183534 0.000010 0.033554 0.024169
0.000010 0.000010 0.000010 0.000010 0.705547 0.294413
0.000010 0.999950 0.000010 0.000010 0.000010 0.000010
0.000010 0.000010 0.000010 0.999950 0.000010 0.000010
0.000010 0.000010 0.000010 0.999950 0.000010 0.000010
0.313779 0.686181 0.000010 0.000010 0.000010 0.000010
0.000010 0.999950 0.000010 0.000010 0.000010 0.000010
0.000010 0.662252 0.000010 0.000010 0.337708 0.000010
0.000010 0.000010 0.000010 0.999950 0.000010 0.000010
0.999950 0.000010 0.000010 0.000010 0.000010 0.000010
0.312441 0.370108 0.000010 0.000010 0.317421 0.000010
0.207854 0.418531 0.000010 0.000010 0.373585 0.000010
0.000010 0.000010 0.000010 0.000010 0.999950 0.000010
0.415470 0.000010 0.000010 0.000010 0.584490 0.000010
0.000010 0.000010 0.000010 0.000010 0.999950 0.000010
0.028360 0.000010 0.000010 0.000010 0.971600 0.000010
0.000010 0.000010 0.000010 0.000010 0.999950 0.000010
0.158652 0.000010 0.047076 0.000010 0.794242 0.000010
0.236242 0.292856 0.104063 0.000010 0.366819 0.000010
0.163010 0.000010 0.000010 0.000010 0.836950 0.000010
0.000010 0.000010 0.000010 0.000010 0.999950 0.000010
0.335465 0.356463 0.000010 0.000010 0.308041 0.000010
0.000010 0.000010 0.000010 0.000010 0.999950 0.000010
0.383130 0.063171 0.000010 0.000010 0.553669 0.000010
0.000010 0.000010 0.000010 0.000010 0.000010 0.999950
0.000010 0.000010 0.000010 0.000010 0.000010 0.999950
0.000010 0.000010 0.000010 0.000010 0.000010 0.999950
0.000010 0.000010 0.000010 0.000010 0.088112 0.911848
0.000010 0.000010 0.000010 0.000010 0.000010 0.999950
0.000010 0.000010 0.000010 0.000010 0.000010 0.999950
0.000010 0.000010 0.000010 0.000010 0.000010 0.999950
0.000010 0.000010 0.000010 0.000010 0.000010 0.999950
0.000010 0.000010 0.000010 0.000010 0.000010 0.999950
0.000010 0.093010 0.000010 0.000010 0.000010 0.906950
0.319694 0.000010 0.057218 0.000010 0.000010 0.623057
0.286578 0.000010 0.000010 0.000010 0.000010 0.713382
0.000010 0.000010 0.000010 0.644366 0.027597 0.328007
0.000010 0.000010 0.000010 0.000010 0.000010 0.999950
0.000010 0.000010 0.000010 0.000010 0.000010 0.999950
0.000010 0.000010 0.000010 0.000010 0.000010 0.999950
0.000010 0.000010 0.000010 0.000010 0.000010 0.999950
0.000010 0.000010 0.000010 0.000010 0.000010 0.999950
0.000010 0.208544 0.000010 0.000010 0.034581 0.756846
0.000010 0.000010 0.000010 0.000010 0.999950 0.000010
0.510398 0.000010 0.000010 0.000010 0.000010 0.489562
0.999950 0.000010 0.000010 0.000010 0.000010 0.000010
0.999950 0.000010 0.000010 0.000010 0.000010 0.000010
0.333285 0.000010 0.000010 0.556802 0.109883 0.000010
0.532242 0.466065 0.001663 0.000010 0.000010 0.000010
0.373090 0.147423 0.062425 0.000010 0.000010 0.417042
0.595810 0.000010 0.105537 0.000010 0.000010 0.298623
0.000010 0.404598 0.131074 0.000010 0.464298 0.000010
0.479746 0.251744 0.000010 0.000010 0.268480 0.000010
0.496300 0.000010 0.000010 0.000010 0.000010 0.503660
0.800943 0.097491 0.003327 0.000010 0.000010 0.098219
0.252356 0.000010 0.317014 0.000010 0.430601 0.000010
0.000010 0.218526 0.000010 0.000010 0.781434 0.000010
0.465860 0.000010 0.000010 0.000010 0.534100 0.000010
0.000010 0.999950 0.000010 0.000010 0.000010 0.000010
0.155001 0.000010 0.000010 0.000010 0.844959 0.000010
0.000010 0.106680 0.000010 0.000010 0.893280 0.000010
0.000010 0.000010 0.000010 0.000010 0.828760 0.171200
0.924126 0.000010 0.000010 0.000010 0.000010 0.075834
0.883757 0.000010 0.000010 0.000010 0.000010 0.116203
0.999950 0.000010 0.000010 0.000010 0.000010 0.000010
0.000010 0.000010 0.000010 0.312019 0.000010 0.687941
0.692466 0.000010 0.000010 0.000010 0.307494 0.000010
0.185454 0.000010 0.000010 0.258568 0.000010 0.555948
0.147508 0.000010 0.000010 0.422789 0.000010 0.429673
0.407683 0.000010 0.000010 0.000010 0.592277 0.000010
0.000010 0.000010 0.000010 0.000010 0.999950 0.000010
0.045514 0.000010 0.000010 0.000010 0.954446 0.000010
0.269132 0.000010 0.000010 0.000010 0.730828 0.000010
0.341474 0.000010 0.000010 0.000010 0.658486 0.000010
0.818482 0.181474 0.000010 0.000010 0.000015 0.000010
0.867010 0.079480 0.000010 0.000010 0.000010 0.053480
0.299271 0.700689 0.000010 0.000010 0.000010 0.000010
