0.000010 0.000010 0.999910 0.000010 0.000010 0.000010 0.000010 0.000010 0.000010 0.000010
0.000010 0.000010 0.999910 0.000010 0.000010 0.000010 0.000010 0.000010 0.000010 0.000010
0.000010 0.000010 0.810853 0.000010 0.000010 0.021932 0.000010 0.000010 0.167145 0.000010
0.000010 0.000010 0.999910 0.000010 0.000010 0.000010 0.000010 0.000010 0.000010 0.000010
0.000010 0.000010 0.999910 0.000010 0.000010 0.000010 0.000010 0.000010 0.000010 0.000010
0.000010 0.000010 0.000010 0.000010 0.000010 0.000010 0.934805 0.000010 0.065115 0.000010
0.000010 0.000010 0.000010 0.000010 0.000010 0.000010 0.954754 0.000010 0.045166 0.000010
0.000010 0.000010 0.000010 0.000010 0.000010 0.123647 0.621619 0.000010 0.254664 0.000010
0.000010 0.647284 0.000010 0.000010 0.021712 0.000010 0.330934 0.000010 0.000010 0.000010
0.000010 0.853922 0.000010 0.000010 0.000010 0.000010 0.000010 0.000010 0.145998 0.000010
0.000010 0.362706 0.000010 0.206061 0.000010 0.000010 0.000010 0.000010 0.321500 0.109673
0.000010 0.632269 0.000010 0.000010 0.000010 0.367651 0.000010 0.000010 0.000010 0.000010
0.000010 0.608016 0.000010 0.000010 0.000010 0.391904 0.000010 0.000010 0.000010 0.000010
0.161293 0.000010 0.213671 0.000010 0.000010 0.000010 0.000010 0.000010 0.358716 0.266260
0.000010 0.697423 0.000010 0.000010 0.012683 0.000010 0.000010 0.000010 0.000010 0.289824
0.000010 0.000010 0.000010 0.000010 0.000010 0.000010 0.765516 0.000010 0.000010 0.234404
0.000010 0.000010 0.000010 0.000010 0.000010 0.000010 0.000010 0.000010 0.000010 0.999910
0.000010 0.551659 0.000010 0.000010 0.000010 0.000010 0.000010 0.000010 0.448261 0.000010
0.000010 0.554638 0.000010 0.000010 0.000010 0.000010 0.000010 0.000010 0.445282 0.000010
0.000010 0.624699 0.000010 0.000010 0.000010 0.000010 0.000010 0.000010 0.375221 0.000010
0.027433 0.000010 0.226576 0.000010 0.000010 0.073217 0.529855 0.000010 0.142869 0.000010
0.000010 0.000010 0.597185 0.000010 0.000010 0.000010 0.000010 0.000010 0.112186 0.290559
0.000010 0.000010 0.000010 0.000010 0.000010 0.000010 0.000010 0.000010 0.999910 0.000010
0.000010 0.000010 0.000010 0.000010 0.000010 0.000010 0.000010 0.000010 0.999910 0.000010
0.000010 0.000010 0.000010 0.000010 0.000010 0.000010 0.000010 0.000010 0.999910 0.000010
0.000010 0.000010 0.000010 0.000010 0.000010 0.000010 0.000010 0.000010 0.999910 0.000010
0.000010 0.999910 0.000010 0.000010 0.000010 0.000010 0.000010 0.000010 0.000010 0.000010
0.000010 0.882264 0.000010 0.000010 0.000010 0.000010 0.000010 0.000010 0.117656 0.000010
0.000010 0.939566 0.000010 0.000010 0.000010 0.000010 0.000010 0.000010 0.060354 0.000010
0.000010 0.999910 0.000010 0.000010 0.000010 0.000010 0.000010 0.000010 0.000010 0.000010
0.000010 0.510750 0.000010 0.096673 0.000010 0.392507 0.000010 0.000010 0.000010 0.000010
0.000010 0.999910 0.000010 0.000010 0.000010 0.000010 0.000010 0.000010 0.000010 0.000010
0.000010 0.000010 0.000010 0.000010 0.999910 0.000010 0.000010 0.000010 0.000010 0.000010
0.000010 0.000010 0.000010 0.000010 0.999910 0.000010 0.000010 0.000010 0.000010 0.000010
0.000010 0.000010 0.000010 0.000010 0.254336 0.000010 0.000010 0.589235 0.000010 0.156359
0.000010 0.000010 0.000010 0.000010 0.999910 0.000010 0.000010 0.000010 0.000010 0.000010
0.000010 0.000010 0.000010 0.000010 0.999910 0.000010 0.000010 0.000010 0.000010 0.000010
0.000010 0.000010 0.656014 0.000010 0.000010 0.000010 0.000010 0.000010 0.058900 0.285016
0.203915 0.000010 0.261172 0.000010 0.000010 0.000010 0.126468 0.408385 0.000010 0.000010
0.000010 0.000010 0.000010 0.000010 0.000010 0.999910 0.000010 0.000010 0.000010 0.000010
0.000010 0.000010 0.000010 0.000010 0.000010 0.999910 0.000010 0.000010 0.000010 0.000010
0.000010 0.000010 0.000010 0.000010 0.000010 0.000010 0.000010 0.000010 0.000010 0.999910
0.000010 0.000010 0.000010 0.000010 0.000010 0.000010 0.000010 0.000010 0.999910 0.000010
0.000010 0.000010 0.000010 0.000010 0.000010 0.000010 0.000010 0.000010 0.999910 0.000010
0.583491 0.000010 0.000010 0.000010 0.000010 0.000010 0.416429 0.000010 0.000010 0.000010
0.000010 0.878187 0.000010 0.000010 0.071146 0.000010 0.000010 0.000010 0.050596 0.000010
0.000010 0.000010 0.679444 0.000010 0.000010 0.000010 0.197216 0.000010 0.123271 0.000010
0.000010 0.000010 0.000010 0.000010 0.000010 0.000010 0.000010 0.999910 0.000010 0.000010
0.012514 0.000010 0.308067 0.000010 0.000010 0.000010 0.000010 0.000010 0.000010 0.679349
0.000010 0.000010 0.259774 0.000010 0.000010 0.000010 0.281468 0.000010 0.000010 0.458689
0.000010 0.993957 0.000010 0.000010 0.005963 0.000010 0.000010 0.000010 0.000010 0.000010
0.046735 0.000010 0.000010 0.000010 0.000010 0.000010 0.000010 0.530310 0.088601 0.334293
0.000010 0.000010 0.000010 0.162768 0.000010 0.000010 0.000010 0.000010 0.000010 0.837152
0.000010 0.000010 0.000010 0.000010 0.000010 0.159150 0.000010 0.840770 0.000010 0.000010
0.000010 0.000010 0.395592 0.000010 0.000010 0.000010 0.000010 0.000010 0.000010 0.604328
0.236135 0.000010 0.516007 0.000010 0.018967 0.000010 0.228831 0.000010 0.000010 0.000010
0.000010 0.999910 0.000010 0.000010 0.000010 0.000010 0.000010 0.000010 0.000010 0.000010
0.000010 0.000010 0.000010 0.136881 0.000010 0.000010 0.000010 0.785011 0.000010 0.078038
0.188502 0.000010 0.372435 0.000010 0.000010 0.046464 0.000010 0.078501 0.283186 0.030872
0.198440 0.801480 0.000010 0.000010 0.000010 0.000010 0.000010 0.000010 0.000010 0.000010
0.000010 0.000010 0.658496 0.000010 0.000010 0.000010 0.135337 0.000010 0.170456 0.035652
0.000010 0.333771 0.666149 0.000010 0.000010 0.000010 0.000010 0.000010 0.000010 0.000010
0.000010 0.999910 0.000010 0.000010 0.000010 0.000010 0.000010 0.000010 0.000010 0.000010
0.000010 0.000010 0.384282 0.000010 0.000010 0.000010 0.000010 0.000010 0.000010 0.615638
0.000010 0.000010 0.000010 0.000010 0.000010 0.008569 0.485272 0.175188 0.028934 0.301987
0.000010 0.000010 0.199824 0.000010 0.000010 0.000010 0.000010 0.000010 0.052696 0.747409
0.442404 0.000010 0.030782 0.000010 0.000010 0.000010 0.000010 0.000010 0.150256 0.376498
0.000010 0.000010 0.485834 0.000010 0.000010 0.000010 0.000010 0.514086 0.000010 0.000010
0.269282 0.000010 0.000010 0.000010 0.000010 0.000010 0.000010 0.000010 0.000010 0.730638
0.000010 0.549969 0.000010 0.000010 0.409071 0.000010 0.000010 0.040890 0.000010 0.000010
0.000010 0.358841 0.323737 0.000010 0.317352 0.000010 0.000010 0.000010 0.000010 0.000010
0.118935 0.000010 0.000010 0.000010 0.000010 0.000010 0.880985 0.000010 0.000010 0.000010
0.000010 0.000010 0.000010 0.000010 0.000010 0.000010 0.000010 0.999910 0.000010 0.000010
0.000010 0.671921 0.000010 0.000010 0.000010 0.000010 0.327999 0.000010 0.000010 0.000010
0.000010 0.000010 0.441820 0.000010 0.000010 0.103312 0.000010 0.000010 0.000010 0.454798
0.000010 0.000010 0.410365 0.000010 0.000010 0.000010 0.000010 0.402620 0.000010 0.186945
0.129117 0.000010 0.000010 0.000010 0.000010 0.000010 0.000010 0.000010 0.000010 0.870803
0.166754 0.000010 0.833166 0.000010 0.000010 0.000010 0.000010 0.000010 0.000010 0.000010
0.058833 0.000010 0.000010 0.000010 0.000010 0.000011 0.303938 0.000010 0.000010 0.637158
0.000010 0.000010 0.000010 0.000010 0.000010 0.999910 0.000010 0.000010 0.000010 0.000010
0.000010 0.000010 0.999910 0.000010 0.000010 0.000010 0.000010 0.000010 0.000010 0.000010
0.000010 0.000010 0.110641 0.000010 0.000010 0.168124 0.000010 0.721165 0.000010 0.000010
0.000010 0.000010 0.000010 0.686921 0.000010 0.000010 0.000010 0.000010 0.000010 0.312999
0.000010 0.000010 0.000010 0.000010 0.000010 0.000010 0.000010 0.000010 0.000010 0.999910
0.000010 0.000010 0.831963 0.000010 0.167957 0.000010 0.000010 0.000010 0.000010 0.000010
0.000010 0.000010 0.000010 0.000010 0.000010 0.170892 0.000010 0.829028 0.000010 0.000010
0.000010 0.165211 0.561152 0.000010 0.000010 0.000010 0.273568 0.000010 0.000010 0.000010
0.000010 0.000010 0.000010 0.000010 0.000010 0.245771 0.000010 0.000010 0.011382 0.742777
0.492180 0.000010 0.380208 0.127543 0.000010 0.000010 0.000010 0.000010 0.000010 0.000010
0.000010 0.000010 0.000010 0.000010 0.000010 0.000010 0.000010 0.000010 0.000010 0.999910
0.000010 0.000010 0.999910 0.000010 0.000010 0.000010 0.000010 0.000010 0.000010 0.000010
0.000010 0.000010 0.000010 0.000010 0.999910 0.000010 0.000010 0.000010 0.000010 0.000010
0.000010 0.000010 0.000010 0.000010 0.999910 0.000010 0.000010 0.000010 0.000010 0.000010
0.000010 0.000010 0.413670 0.000010 0.000010 0.000010 0.000010 0.000010 0.000010 0.586250
0.000010 0.999910 0.000010 0.000010 0.000010 0.000010 0.000010 0.000010 0.000010 0.000010
0.357229 0.000010 0.000010 0.000010 0.000010 0.000010 0.000010 0.642691 0.000010 0.000010
0.000010 0.000010 0.000010 0.000010 0.000010 0.000010 0.755917 0.000010 0.244003 0.000010
0.000010 0.000010 0.213668 0.000010 0.000010 0.000010 0.000010 0.000010 0.026791 0.759471
0.000010 0.000010 0.000010 0.000010 0.000010 0.129610 0.000010 0.000010 0.000010 0.870310
0.000010 0.000010 0.000010 0.000010 0.000010 0.000010 0.000010 0.000010 0.000010 0.999910
0.373262 0.000010 0.000010 0.000010 0.000010 0.000010 0.518622 0.108046 0.000010 0.000010
0.242825 0.000010 0.000010 0.000010 0.000010 0.000010 0.574446 0.159071 0.023598 0.000010
0.000010 0.000010 0.000010 0.000010 0.000010 0.000010 0.000010 0.000010 0.999910 0.000010
0.000010 0.057825 0.665610 0.000010 0.000010 0.000010 0.000010 0.000010 0.022969 0.253536
0.329016 0.000010 0.000010 0.087263 0.000010 0.369444 0.000010 0.000010 0.000010 0.214218
0.000010 0.000010 0.000010 0.000010 0.000010 0.000010 0.999910 0.000010 0.000010 0.000010
0.000010 0.612180 0.000010 0.000010 0.000010 0.387740 0.000010 0.000010 0.000010 0.000010
0.000010 0.000010 0.000010 0.000010 0.999910 0.000010 0.000010 0.000010 0.000010 0.000010
0.000010 0.000010 0.335115 0.000010 0.000010 0.000010 0.664805 0.000010 0.000010 0.000010
0.000010 0.000010 0.000010 0.000010 0.000010 0.000010 0.999910 0.000010 0.000010 0.000010
0.000010 0.000010 0.000010 0.000010 0.000010 0.000010 0.664167 0.000010 0.000010 0.335753
0.000010 0.000020 0.000010 0.000010 0.999900 0.000010 0.000010 0.000010 0.000010 0.000010
0.000010 0.000010 0.999910 0.000010 0.000010 0.000010 0.000010 0.000010 0.000010 0.000010
0.000010 0.000010 0.000010 0.000010 0.000010 0.000010 0.000010 0.999910 0.000010 0.000010
0.027745 0.000010 0.000010 0.000010 0.000010 0.000010 0.000010 0.972175 0.000010 0.000010
0.000010 0.000010 0.000010 0.000010 0.000010 0.000010 0.000010 0.000010 0.000010 0.999910
0.000010 0.000010 0.033611 0.000010 0.000010 0.000010 0.000010 0.966309 0.000010 0.000010
0.000010 0.000010 0.000010 0.000010 0.000010 0.336346 0.000010 0.000010 0.000010 0.663574
0.000010 0.000010 0.000010 0.000010 0.000010 0.000010 0.000010 0.828241 0.000010 0.171679
0.000010 0.000010 0.000010 0.000010 0.000010 0.186794 0.000010 0.268606 0.000010 0.544531
0.208371 0.000010 0.000010 0.000010 0.000010 0.000010 0.000010 0.000010 0.000010 0.791549
0.000010 0.000010 0.305124 0.000010 0.000010 0.333036 0.000010 0.361770 0.000010 0.000010
0.000010 0.000010 0.000010 0.000010 0.000010 0.000010 0.000010 0.298753 0.000010 0.701167
0.000010 0.000010 0.000010 0.000010 0.000010 0.000010 0.000010 0.000010 0.000010 0.999910
0.000010 0.000010 0.000010 0.000010 0.000010 0.000010 0.000010 0.999910 0.000010 0.000010
0.000010 0.000010 0.000010 0.000010 0.000010 0.000010 0.000010 0.675696 0.000010 0.324224
0.119806 0.000010 0.575862 0.000010 0.000010 0.261858 0.000010 0.000010 0.000010 0.042414
0.000010 0.000010 0.000010 0.999910 0.000010 0.000010 0.000010 0.000010 0.000010 0.000010
0.000010 0.000010 0.000010 0.999910 0.000010 0.000010 0.000010 0.000010 0.000010 0.000010
0.098834 0.000010 0.114618 0.707297 0.079191 0.000010 0.000010 0.000010 0.000010 0.000010
0.200710 0.000010 0.000010 0.507750 0.000010 0.000010 0.000010 0.000010 0.000010 0.291470
0.000010 0.000010 0.000010 0.999910 0.000010 0.000010 0.000010 0.000010 0.000010 0.000010
0.396618 0.000010 0.000010 0.603302 0.000010 0.000010 0.000010 0.000010 0.000010 0.000010
0.000010 0.000010 0.000010 0.999910 0.000010 0.000010 0.000010 0.000010 0.000010 0.000010
0.000010 0.000010 0.000010 0.999910 0.000010 0.000010 0.000010 0.000010 0.000010 0.000010
0.000010 0.000010 0.000010 0.999910 0.000010 0.000010 0.000010 0.000010 0.000010 0.000010
0.000010 0.000010 0.000010 0.999910 0.000010 0.000010 0.000010 0.000010 0.000010 0.000010
0.000010 0.000010 0.567200 0.420209 0.000010 0.000010 0.000010 0.000010 0.012521 0.000010
0.000010 0.000010 0.609131 0.390789 0.000010 0.000010 0.000010 0.000010 0.000010 0.000010
0.000010 0.348403 0.000010 0.177418 0.133568 0.340551 0.000010 0.000010 0.000010 0.000010
0.999910 0.000010 0.000010 0.000010 0.000010 0.000010 0.000010 0.000010 0.000010 0.000010
0.999910 0.000010 0.000010 0.000010 0.000010 0.000010 0.000010 0.000010 0.000010 0.000010
0.999910 0.000010 0.000010 0.000010 0.000010 0.000010 0.000010 0.000010 0.000010 0.000010
0.999910 0.000010 0.000010 0.000010 0.000010 0.000010 0.000010 0.000010 0.000010 0.000010
0.999910 0.000010 0.000010 0.000010 0.000010 0.000010 0.000010 0.000010 0.000010 0.000010
0.000010 0.000010 0.000010 0.554294 0.000010 0.000010 0.296304 0.000010 0.000010 0.149333
0.130447 0.000010 0.000010 0.000010 0.000010 0.000010 0.743770 0.000010 0.000010 0.125713
0.438316 0.000010 0.269799 0.291816 0.000010 0.000010 0.000010 0.000010 0.000010 0.000010
0.462749 0.000010 0.369602 0.000010 0.000010 0.000010 0.000010 0.167578 0.000010 0.000010
0.239831 0.000010 0.760089 0.000010 0.000010 0.000010 0.000010 0.000010 0.000010 0.000010
0.032294 0.183003 0.291316 0.000010 0.408415 0.000010 0.000010 0.000010 0.000010 0.084921
0.000010 0.000010 0.413649 0.000010 0.000010 0.000010 0.243966 0.333967 0.008358 0.000010
0.465912 0.000010 0.055138 0.269861 0.000010 0.000010 0.147077 0.000010 0.061961 0.000010
0.999910 0.000010 0.000010 0.000010 0.000010 0.000010 0.000010 0.000010 0.000010 0.000010
0.000010 0.000010 0.000010 0.000010 0.000010 0.000010 0.000010 0.999910 0.000010 0.000010
0.320148 0.000010 0.000010 0.000010 0.000010 0.000010 0.000010 0.679772 0.000010 0.000010
0.771654 0.000010 0.000010 0.228266 0.000010 0.000010 0.000010 0.000010 0.000010 0.000010
0.405834 0.000010 0.594086 0.000010 0.000010 0.000010 0.000010 0.000010 0.000010 0.000010
0.000010 0.000010 0.014052 0.000010 0.000010 0.000010 0.000010 0.374533 0.147380 0.463976
0.000010 0.000010 0.000010 0.000010 0.000010 0.000010 0.000010 0.666549 0.000010 0.333371
0.000010 0.000010 0.350858 0.000010 0.000010 0.000010 0.000010 0.183848 0.000010 0.465224
0.000010 0.000010 0.000010 0.000010 0.000010 0.000010 0.999910 0.000010 0.000010 0.000010
0.231436 0.000010 0.000010 0.000019 0.000010 0.000010 0.000010 0.536676 0.000010 0.231809
0.000010 0.000010 0.000010 0.000010 0.000010 0.000010 0.097708 0.022998 0.000010 0.879224
0.000010 0.000010 0.790712 0.158385 0.000010 0.000010 0.000010 0.050833 0.000010 0.000010
0.000010 0.000010 0.999910 0.000010 0.000010 0.000010 0.000010 0.000010 0.000010 0.000010
0.000010 0.000010 0.933507 0.066413 0.000010 0.000010 0.000010 0.000010 0.000010 0.000010
0.000010 0.000010 0.999910 0.000010 0.000010 0.000010 0.000010 0.000010 0.000010 0.000010
0.000010 0.000010 0.000010 0.689437 0.310483 0.000010 0.000010 0.000010 0.000010 0.000010
0.000010 0.000010 0.317596 0.248630 0.000010 0.000010 0.000010 0.000010 0.000010 0.433704
0.000010 0.373153 0.288502 0.338275 0.000010 0.000010 0.000010 0.000010 0.000010 0.000010
0.109693 0.655951 0.000010 0.234287 0.000010 0.000010 0.000010 0.000010 0.000010 0.000010
0.000010 0.000010 0.178149 0.000010 0.000010 0.000010 0.000010 0.821771 0.000010 0.000010
0.000010 0.000010 0.000010 0.000010 0.000010 0.000010 0.000010 0.000010 0.000010 0.999910
0.000010 0.000010 0.000010 0.000010 0.000010 0.000010 0.000010 0.000010 0.000010 0.999910
0.000010 0.000010 0.000010 0.000010 0.000010 0.000010 0.000010 0.608336 0.000010 0.391584
0.000010 0.000010 0.313097 0.000010 0.000010 0.000010 0.000010 0.000010 0.000010 0.686823
0.468319 0.000010 0.531601 0.000010 0.000010 0.000010 0.000010 0.000010 0.000010 0.000010
0.000010 0.000010 0.999910 0.000010 0.000010 0.000010 0.000010 0.000010 0.000010 0.000010
0.164033 0.000010 0.171395 0.000010 0.000010 0.000010 0.619453 0.045060 0.000010 0.000010
